73.0 239.0 73.0 342.0 366.0 342.0 366.0 239.0 table
410.0 238.0 410.0 342.0 702.0 342.0 702.0 238.0 table
74.0 361.0 74.0 466.0 366.0 466.0 366.0 361.0 table
411.0 362.0 411.0 465.0 702.0 465.0 702.0 362.0 table
74.0 487.0 74.0 611.0 365.0 611.0 365.0 487.0 table
411.0 488.0 411.0 611.0 702.0 611.0 702.0 488.0 table
75.0 629.0 75.0 735.0 367.0 735.0 367.0 629.0 table
411.0 630.0 411.0 735.0 701.0 735.0 701.0 630.0 table
74.0 753.0 74.0 830.0 365.0 830.0 365.0 753.0 table
409.0 753.0 409.0 830.0 702.0 830.0 702.0 753.0 table
74.0 849.0 74.0 925.0 367.0 925.0 367.0 849.0 table
410.0 847.0 410.0 923.0 703.0 923.0 703.0 847.0 table
73.0 942.0 73.0 1028.0 366.0 1028.0 366.0 942.0 table
409.0 942.0 409.0 1028.0 702.0 1028.0 702.0 942.0 table